,A,C,D,E,F,G,H,I,K,L,M,N,P,Q,R,S,T,V,W,Y
A,0.0,3.22868626534075,5.171081414946007,3.3618350643658887,3.4270976058466736,4.264347429560588,3.434634478368841,3.3916364781621278,3.8272399977006923,1.248024438863278,4.152536694600061,3.900459203734863,3.9657068726773037,3.993842135087465,4.649690742404273,5.541561151877691,3.7694437255382924,1.7296837861297076,4.167662414351719,5.3372233417761334
C,3.22868626534075,0.0,4.802160347177091,4.249947999681878,3.1046128583126107,4.095790521987178,2.1194647909318993,3.6244474061572474,4.1528827337164245,2.8782241052426754,4.007916665800326,3.4888650016875116,2.985713650034109,3.605433954463734,5.121109352474325,5.088000491352178,4.16767021248083,2.604877924202975,2.0864565655675653,4.64025085528789
D,5.171081414946007,4.802160347177091,0.0,5.953517615662189,7.011616717990225,7.6546132495378245,4.05538740442883,7.506141418864955,6.543307649805257,4.280608367977617,7.821694317729375,6.502188170147031,3.450195066949114,1.6303925907584345,8.071336878113812,2.296208831966291,7.597787506899623,4.679025005276206,5.862421257466918,8.333165664979905
E,3.3618350643658887,4.249947999681878,5.953517615662189,0.0,2.884447087398207,4.688084896842207,3.8901011554971165,3.2861188353436033,2.8703311655626083,4.01122051251237,3.175583410965613,2.935440852751082,4.8884858596502045,4.827482573764509,4.0046816352863805,7.289214429552748,3.30005802979281,3.7650523236736033,3.470484548301577,3.932187686263208
F,3.4270976058466736,3.1046128583126107,7.011616717990225,2.884447087398207,0.0,3.2460186382705816,3.991618468741721,0.9492386422812759,3.3816667488089363,4.026057500831303,1.4516380402841473,2.5477468477068124,4.986899537788986,5.747448738353392,3.7128528115183883,7.700206231004466,2.099105047395199,3.409414025899465,2.316303088976052,2.545205885581754
G,4.264347429560588,4.095790521987178,7.6546132495378245,4.688084896842207,3.2460186382705816,0.0,4.975007035170905,2.8619634868390618,3.5156141710944335,4.930536279148547,3.985416163965816,2.280161178513484,4.647090057229363,6.450829714075547,2.7744244448173387,7.7143107922872804,1.8012881501858606,4.387474330409239,4.277659056072609,2.839560177210548
H,3.434634478368841,2.1194647909318993,4.05538740442883,3.8901011554971165,3.991618468741721,4.975007035170905,0.0,4.610083079511692,3.3961863906446594,3.223709819447154,4.388071900049041,3.6713534289141925,3.4031248875114763,2.505665380692322,4.916349662096869,4.933763066868939,4.837072875200455,3.587635154248548,2.6431447179448955,5.219797026705157
I,3.3916364781621278,3.6244474061572474,7.506141418864955,3.2861188353436033,0.9492386422812759,2.8619634868390618,4.610083079511692,0.0,3.622129760237753,4.148567102024505,1.8453370965761242,2.7716850470426833,5.2869364475090865,6.256931915883374,3.561208221938167,8.022718741174964,1.6546709642705406,3.503703469187996,3.1949951486661132,2.6600870286515064
K,3.8272399977006923,4.1528827337164245,6.543307649805257,2.8703311655626083,3.3816667488089363,3.5156141710944335,3.3961863906446594,3.622129760237753,0.0,4.625134484531234,3.2726260097970252,1.9554953336686844,4.906633570993456,5.077543205133758,1.831648437883209,7.445855491479807,2.931959754157618,4.6958639247746525,3.6072319027198683,3.363069282664275
L,1.248024438863278,2.8782241052426754,4.280608367977617,4.01122051251237,4.026057500831303,4.930536279148547,3.223709819447154,4.148567102024505,4.625134484531234,0.0,4.894088066228478,4.525172593393538,3.439686322907948,3.2741725672297726,5.6249159104825734,4.503236946908301,4.647628535070332,1.284128108873877,4.237964251854892,6.034759812950305
M,4.152536694600061,4.007916665800326,7.821694317729375,3.175583410965613,1.4516380402841473,3.985416163965816,4.388071900049041,1.8453370965761242,3.2726260097970252,4.894088066228478,0.0,3.1210102531071566,6.110288863875422,6.425438973330928,3.52756303983359,8.668165953649018,2.7368717543940564,4.561595663800114,2.8209691597038065,2.6985214470150134
N,3.900459203734863,3.4888650016875116,6.502188170147031,2.935440852751082,2.5477468477068124,2.280161178513484,3.6713534289141925,2.7716850470426833,1.9554953336686844,4.525172593393538,3.1210102531071566,0.0,4.057412845644377,5.235648288416631,2.3239457825000995,7.206509002283977,1.8292779996490418,4.079040083156821,2.9190512157206148,2.117742902242857
P,3.9657068726773037,2.985713650034109,3.450195066949114,4.8884858596502045,4.986899537788986,4.647090057229363,3.4031248875114763,5.2869364475090865,4.906633570993456,3.439686322907948,6.110288863875422,4.057412845644377,0.0,2.936084126860128,5.8800577378117636,3.476415251376049,5.043445350154991,3.124783672512387,4.260810368932183,5.8235696956420115
Q,3.993842135087465,3.605433954463734,1.6303925907584345,4.827482573764509,5.747448738353392,6.450829714075547,2.505665380692322,6.256931915883374,5.077543205133758,3.2741725672297726,6.425438973330928,5.235648288416631,2.936084126860128,0.0,6.64444301653645,2.9865958882982477,6.358018166064014,3.821603197612227,4.616333501817216,7.080831589580423
R,4.649690742404273,5.121109352474325,8.071336878113812,4.0046816352863805,3.7128528115183883,2.7744244448173387,4.916349662096869,3.561208221938167,1.831648437883209,5.6249159104825734,3.52756303983359,2.3239457825000995,5.8800577378117636,6.64444301653645,0.0,8.673773803829564,2.417366749171503,5.517463366439328,4.618427221468365,2.917540573839548
S,5.541561151877691,5.088000491352178,2.296208831966291,7.289214429552748,7.700206231004466,7.7143107922872804,4.933763066868939,8.022718741174964,7.445855491479807,4.503236946908301,8.668165953649018,7.206509002283977,3.476415251376049,2.9865958882982477,8.673773803829564,0.0,8.096339790300306,4.905673246354673,6.74303981895406,9.047966567135402
T,3.7694437255382924,4.16767021248083,7.597787506899623,3.30005802979281,2.099105047395199,1.8012881501858606,4.837072875200455,1.6546709642705406,2.931959754157618,4.647628535070332,2.7368717543940564,1.8292779996490418,5.043445350154991,6.358018166064014,2.417366749171503,8.096339790300306,0.0,4.051207227481705,3.7749760264139427,2.051548927030501
V,1.7296837861297076,2.604877924202975,4.679025005276206,3.7650523236736033,3.409414025899465,4.387474330409239,3.587635154248548,3.503703469187996,4.6958639247746525,1.284128108873877,4.561595663800114,4.079040083156821,3.124783672512387,3.821603197612227,5.517463366439328,4.905673246354673,4.051207227481705,0.0,3.8250683654021143,5.390607294173821
W,4.167662414351719,2.0864565655675653,5.862421257466918,3.470484548301577,2.316303088976052,4.277659056072609,2.6431447179448955,3.1949951486661132,3.6072319027198683,4.237964251854892,2.8209691597038065,2.9190512157206148,4.260810368932183,4.616333501817216,4.618427221468365,6.74303981895406,3.7749760264139427,3.8250683654021143,0.0,3.4389252681615514
Y,5.3372233417761334,4.64025085528789,8.333165664979905,3.932187686263208,2.545205885581754,2.839560177210548,5.219797026705157,2.6600870286515064,3.363069282664275,6.034759812950305,2.6985214470150134,2.117742902242857,5.8235696956420115,7.080831589580423,2.917540573839548,9.047966567135402,2.051548927030501,5.390607294173821,3.4389252681615514,0.0
